3.000000000000000000e+00 5.996565359789535546e-03
3.000000000000000000e+00 3.198331675371646893e-02
7.000000000000000000e+00 2.316305870210163750e-02
2.700000000000000000e+01 2.099397779972684425e-02
3.600000000000000000e+01 4.776372088626416879e-02
4.900000000000000000e+01 4.663566804916222802e-02
5.600000000000000000e+01 3.450933771994374455e-02
6.900000000000000000e+01 1.799525088489105015e-02
7.500000000000000000e+01 3.795782956272104186e-02
9.600000000000000000e+01 3.140715893911887741e-02
