2.000000000000000000e+01 2.334441324438230048e-02
2.800000000000000000e+01 1.902394337270668818e-03
4.000000000000000000e+01 3.406609335001870107e-03
4.300000000000000000e+01 3.862867156998972540e-02
5.700000000000000000e+01 1.289304296445281661e-02
5.800000000000000000e+01 1.938291695959851180e-02
5.900000000000000000e+01 3.502921096197691986e-02
6.600000000000000000e+01 4.851609205537402159e-02
6.700000000000000000e+01 1.578930888573759801e-03
7.900000000000000000e+01 4.660435346310756732e-02
