8.000000000000000000e+00 1.784219849043596970e-02
1.600000000000000000e+01 1.118250865745884504e-02
2.300000000000000000e+01 4.114749975943735733e-02
4.000000000000000000e+01 4.991210717600201574e-02
5.400000000000000000e+01 1.490136294807771315e-02
6.100000000000000000e+01 2.723369330020718529e-02
6.800000000000000000e+01 3.274210848663711149e-02
7.900000000000000000e+01 5.082658210520502387e-03
8.300000000000000000e+01 8.140853148782078649e-03
8.900000000000000000e+01 1.979801098338983267e-02
