3.000000000000000000e+00 2.652133194402702190e-02
4.000000000000000000e+00 1.876164477810288340e-03
7.000000000000000000e+00 6.794375215629028589e-03
1.100000000000000000e+01 3.410494250512462883e-02
1.300000000000000000e+01 1.694702786755825086e-02
2.200000000000000000e+01 7.588039771264526619e-03
5.000000000000000000e+01 2.315639742744095286e-02
6.000000000000000000e+01 2.197137997961284839e-05
6.200000000000000000e+01 3.650635667553290414e-02
8.200000000000000000e+01 2.319945291286870659e-02
